262144000S
101084403 658
71564 1
102390 1
73162 1
74477 1
-74477 -1
34365 1
3105 1
3052 1
26801 1
26420 1
12585 1
55015 1
55414 1
19605 1
33708 1
3145 1
19590 1
-19590 -1
-19605 -1
-20545 -1
54712 1
54720 1
54598 1
29846 1
56326 1
9368 1
36621 1
64228 1
76554 1
13193 1
652082 1
313760 1
1286804 1
25817 1
435378 1
14106 1
707409 1
64491 1
18394 1
14265 1
426853 1
35889 1
22037 1
54566 1
21886 1
34908 1
2615415 1
22738 1
19899 1
54971 1
33683 1
32861 1
1833 1
29390 1
57083 1
173450 1
64471 1
57120 1
13021 1
18105 1
36059 1
4056 1
16780 1
37659 1
6933 1
128685 1
16458 1
5871 1
775955 1
92694 1
228304 1
53612 1
63286 1
9024 1
65672 1
21701 1
22099 1
16460 1
59248 1
9869 1
-21701 -1
-22099 -1
-65672 -1
-36059 -1
168953 1
1897 1
-168953 -1
-1897 -1
64793 1
37512 1
228055 1
64640 1
39256 1
2677 1
1144 1
2662 1
1144 1
11586 1
5016 1
5015 1
57614 1
947987 1
2960 1
20268 1
57432 1
56783 1
55839 1
56286 1
37686 1
26665 1
637255 1
32624 1
32888 1
6929 1
77332 1
23036 1
21753 1
21983 1
4300 1
64638 1
57265 1
276117 1
26927 1
64573 1
64521 1
64543 1
54492 1
2974 1
9280 1
55380 1
19671 1
57160 1
22678 1
14359 1
16457 1
15131 1
14416 1
21382 1
20925 1
275378 1
476170 1
103181 1
57062 1
240646 1
54390 1
54688 1
30348 1
34365 1
21320 1
-21320 -1
6040 1
1277045 1
1001576 1
1645 1
6070 1
21359 1
-21359 -1
5212 1
66468 1
30128 1
28093 1
40634 1
25651 1
55579 1
779186 1
22757 1
64853 1
84890 1
45441 1
47612 1
21643 1
11408 1
476502 1
29655 1
27905 1
414380 1
2621 1
56725 1
28039 1
1226049 1
150397 1
475652 1
15616 1
183708 1
63822 1
286064 1
22969 1
2195 1
28922 1
23223 1
65122 1
5940 1
7404 1
64066 1
84355 1
34968 1
23589 1
3480 1
23635 1
2802 1
397107 1
27817 1
56929 1
56520 1
47535 1
7543 1
22933 1
399496 1
1875 1
436312 1
183908 1
11092 1
21175 1
116427 1
58823 1
3335 1
22336 1
9897 1
27509 1
28177 1
3037 1
5285 1
3008 1
58589 1
23371 1
5082 1
22756 1
23504 1
27016 1
8520 1
26720 1
305072 1
294028 1
2532 1
294030 1
2143348 1
5515 1
292754 1
26804 1
333017 1
28040 1
57510 1
57205 1
23409 1
10066 1
65020 1
56887 1
65261 1
30771 1
23296 1
50846 1
240836 1
281737 1
72140 1
40696 1
65262 1
3253 1
77767 1
129423 1
39880 1
55266 1
16736 1
34882 1
653802 1
5776 1
29535 1
19959 1
6262 1
9077 1
7888 1
67202 1
57249 1
281872 1
47705 1
38060 1
25670 1
26972 1
33271 1
56180 1
56556 1
86077 1
68156 1
34524 1
129437 1
111891 1
3180 1
56504 1
56504 1
56885 1
240998 1
15708 1
21346 1
30770 1
454652 1
24267 1
62713 1
56103 1
85489 1
32541 1
65512 1
483736 1
64548 1
56617 1
30796 1
27013 1
21137 1
56589 1
56556 1
56491 1
56747 1
66988 1
129502 1
55607 1
21331 1
22527 1
18843 1
56139 1
804257 1
16736 1
365862 1
432905 1
365684 1
55551 1
2799 1
1273438 1
2799 1
40199 1
26415 1
1273398 1
5799 1
57773 1
11532 1
33535 1
1084033 1
17921 1
5435 1
57064 1
288166 1
2823 1
449187 1
9548 1
404666 1
259302 1
14951 1
13621 1
422008 1
19643 1
5093 1
38373 1
7696 1
